00093057606
00093057610
00093057693
00093092606
00093092610
00093092693
00093092806
00093092810
00093092893
00185007001
00185007005
00185007010
00185007060
00185007201
00185007210
00185007260
00185007401
00185007410
00185007460
00228263306
00228263350
00228263406
00228263450
00228263506
00228263550
00247205330
00247205360
00247205430
00247205433
00247205459
00247205460
00247205530
00247205560
00378651091
00378652005
00378652091
00378654005
00378654091
00781121010
00781121060
00781121310
00781121360
00781132305
00781132360
00904558152
00904558252
00904558352
12280010860
21695053430
21695053530
23490583802
23490583806
23490583809
23490583900
23490583901
23490584001
23490584002
33358022330
33358022500
33358022530
33358022560
33358022630
42291037710
42291037790
43063054814
43063054830
43063054890
45963063301
45963063304
45963063401
45963063404
45963063501
45963063504
49884075401
49884075402
49884075410
49884075501
49884075502
49884075510
49884075601
49884075602
49884075610
49999029330
49999047060
49999047100
49999047130
49999047160
50268051015
50268051115
50268051215
51079097420
51079097520
51079097556
51079097620
51079097656
52959072030
53489060701
53489060706
53489060801
53489060806
53489060810
53489060901
53489060906
53489060910
54458091410
54458091510
54458093610
54458093710
54458093810
54458098210
54458098310
54458098410
54569534500
54569534501
54569534600
54569534602
54569534700
54569534702
54868458500
54868458501
54868458502
54868458503
54868459300
54868459301
54868459302
54868477400
54868477401
54868477402
54868477403
55045301401
55045301402
55045301406
55045301408
55045301409
55045301501
55045301508
55289069214
55289069230
55289088130
55289088190
55887035001
55887035030
55887035060
55887035090
55887036930
55887036960
55887036990
55887097430
55887097490
57866640001
57866650001
57866660101
58016090000
58016090002
58016090030
58016090060
58016090090
58016092200
58016092202
58016092230
58016092260
58016092290
58016097900
58016097902
58016097920
58016097930
58016097960
58016097990
58864078030
58864078060
58864078130
60429024810
60429024860
60429024910
60429024960
60429025010
60429025060
60429025090
60429040010
60429040060
60429040090
60429040110
60429040160
60429040190
60429040210
60429040260
60429040290
60505017700
60505017800
60505017900
61442014101
61442014110
61442014160
61442014201
61442014210
61442014260
61442014301
61442014310
61442014360
62037079101
62037079160
62037079201
62037079260
62037079301
62037079360
63629146401
63629146402
63629146403
63629178401
63739028010
63739028015
63739028101
63739028103
63739028110
63739028115
63739028201
63739028203
63739028210
63874036301
63874036310
63874036320
63874036330
63874036360
63874036390
66336031030
66336031060
66336041205
66336041230
67544010615
67544022515
68001021300
68001021306
68001021308
68001021400
68001021406
68001021408
68001022400
68001022406
68001022408
68084013101
68084013201
68084013301
68084055801
68084055901
68084056001
68115021830
68115021930
68115021960
68115065800
68180046701
68180046703
68180046707
68180046801
68180046803
68180046805
68180046807
68180046901
68180046903
68180046905
68180046907
